0.0453547
0.0467087
0.0492251
0.0365575
0.0441268
0.0399964
0.0367271
0.0372678
0.0351943
0.0334932
0.0413469
0.0483221
0.0390155
0.0326971
0.0347935
0.0370521
0.0400556
0.0385637
0.034855
0.0419896
0.0316861
0.0397918
0.0339879
0.0391263
0.0394129
0.0373565
0.0396472
0.0377024
0.042712
0.0430211
0.038333
0.0394276
0.0407621
0.0383401
0.0458041
0.0429713
0.0397446
0.0397915
0.0412224
0.0466954
0.0336463
0.036634
0.0378189
0.0385873
0.0362141
0.0354655
0.0386319
0.0386147
0.0376025
0.0394619
0.0371091
0.0323705
0.0369849
0.0374591
0.0404863
0.0373303
0.0436491
0.0438653
0.0372207
0.0380498
0.0412861
0.0409782
0.0426316
0.0431832
0.0388332
0.0387803
0.0395245
0.0399151
0.0389939
0.0411766
0.0365375
0.0393568
0.0361135
0.0387869
0.0331712
0.0334177
0.0399185
0.0396911
0.0386634
0.037199
0.0389839
0.0370321
0.0404498
0.0349784
0.0405044
0.0347213
0.0369866
0.0464028
0.036239
0.0428957
0.0422418
0.0386257
0.0378208
0.0427539
0.0424019
0.0388075
0.0442752
0.0400091
0.0375412
0.0389176
0.0386037
0.0400299
0.0433356
0.0361901
0.0396733
0.0400368
0.0398094
0.0412475
0.035922
0.0417704
0.0389193
0.0432837
0.067175
0.0399844
0.0451097
0.0429282
0.0433999
0.0433345
0.0424431
0.042892
0.0395267
0.0396083
0.0372661
0.0410598
0.0407759
0.0405636
0.0340406
0.0374276
0.0420528
0.0377429
0.0374759
0.0425111
0.040605
0.0365059
0.0414738
0.0389375
0.0399781
0.0407227
0.0417165
0.0388655
0.0359142
0.0419753
0.0394107
0.039859
0.0348676
0.0401406
0.0409295
0.0380963
0.0428355
0.0468428
0.0389858
0.0397832
0.0414178
0.0401575
0.0384623
0.0400598
0.0409631
0.0385204
0.0419692
0.0365125
0.0426972
0.0413872
0.0389821
0.0339064
0.0397466
0.0420067
0.0356925
0.0353342
0.0443059
0.0391164
0.0404099
0.0416047
0.0435929
0.0431693
0.0397764
0.0394459
0.0447246
0.0388846
0.0416826
0.0431228
0.041457
0.0383699
0.0440885
0.0412583
0.0395064
0.0385622
0.0435822
0.0414006
0.0376097
0.0416518
0.0376219
0.0380251
0.0450047
0.0408751
0.0371547
0.0349633
0.0383144
0.0388569
0.0409209
0.0420298
0.0383151
0.0404076
0.0427342
0.0392914
0.0378362
0.0400157
0.0379305
0.0408022
0.0361766
0.0437559
0.0391303
0.0407644
0.0407228
0.0406679
0.0478256
0.0406945
0.0405983
0.0337771
0.0384344
0.0373392
0.0385372
0.0394714
0.0423616
0.0408056
0.0383651
0.0399456
0.0391179
0.0416115
0.0406061
0.0396469
0.0360356
0.0410783
0.0435498
0.0416579
0.0406307
0.0378596
0.0430709
0.0391378
0.0434747
0.0418061
0.0381034
0.0425875
0.0434196
0.0380472
0.0407056
0.039172
0.0378639
0.0391557
0.0409988
0.036039
0.0347142
0.0400304
0.0396516
0.0346843
0.0388932
0.0389099
0.0359379
0.0371103
0.0388344
0.0361844
0.0370688
0.0426226
0.0390694
0.0402387
0.0368051
0.0366465
0.0450716
0.0372637
0.0426913
0.0436162
0.0502489
0.0409505
0.0419522
0.03936
0.0438973
0.0385899
0.0405149
0.0410007
0.0401026
0.0425587
0.0399677
0.0402156
0.038767
0.0387559
0.045342
0.0412864
0.039076
0.0408876
0.0462198
0.0399416
0.0363037
0.0393428
0.0401375
0.0393131
0.0430605
0.0406474
0.0389493
0.039805
0.0357692
0.0436917
0.0413668
0.0498648
0.0407576
0.0398052
0.0410696
0.0360493
0.0420281
0.0402014
0.0390535
0.0441258
0.0474484
0.0424677
0.0480883
0.0418708
0.0411822
0.0386084
0.0408975
0.041533
0.0411981
0.0419036
0.0386331
0.0389048
0.0387586
0.044251
0.0440086
0.0408294
0.0403526
0.0393551
0.0391622
0.0414839
0.0402302
0.0395984
0.0542647
0.0388206
0.0431126
0.0382786
0.0410832
0.0436092
0.0409598
0.0414046
0.042435
0.0432461
0.0431056
0.0390939
0.0385573
0.0390067
0.0396794
0.0383308
0.0468389
0.0381193
0.0404021
0.0403492
0.0421903
0.0444456
0.0388386
0.0417129
0.0464986
0.0426257
0.0388351
0.0449901
0.0436296
0.0463707
0.0443886
0.0443942
0.0410185
0.044761
0.0400266
0.0448908
0.0437828
0.0426868
0.041907
0.0399483
0.0381109
0.0412416
0.0460875
0.0421161
0.0404277
0.0436392
0.0443589
0.0397545
0.039476
0.0419262
0.0419921
0.0404315
0.0439835
0.0387371
0.0374964
0.039415
0.0422334
0.041005
0.0418638
0.0379806
0.040984
0.0474378
0.0479312
0.0502231
0.0478045
0.0403215
0.0448842
0.0409963
0.0468469
0.0411451
0.0428159
0.0381432
0.0459404
0.0391537
0.0443693
0.040683
0.039325
0.0417203
0.0538929
0.0413646
0.0419791
0.0515294
0.0545784
0.041774
0.0451099
0.0393489
0.0403558
0.0376565
0.0390769
0.0410023
0.0416761
0.047015
0.0407291
0.0479092
0.0471894
0.0397993
0.0401494
0.041642
0.0410487
0.0412189
0.0478915
0.040397
0.0421778
0.0490102
0.0401434
0.0449404
0.038085
0.0418557
0.0401105
0.0432163
0.0422061
0.044355
0.0412043
0.0421532
0.0427236
0.0399723
0.0421134
0.0372233
0.0404615
0.0436002
0.0427016
0.0422988
0.0394119
0.0428184
0.045366
0.0501473
0.0372978
0.0423591
0.043432
0.0446206
0.0422874
0.0435392
0.0425718
0.0411895
0.0479026
0.0410139
0.0421083
0.0397606
0.0420885
0.0402346
0.0491487
0.0414313
0.0462977
0.0446197
0.0446395
0.0401416
0.0433254
0.0420747
0.0453463
0.0396415
0.0425612
0.0478372
0.041575
0.0440618
0.0509389
0.046146
0.0418191
0.0439826
0.0451616
0.0485411
0.0433886
0.0434546
0.0465681
0.0427849
0.0422199
0.0399515
0.0406062
0.0465514
0.0443442
0.038405
0.047411
0.040993
0.0381693
0.0452046
0.0392455
0.038868
0.0392841
0.0424194
0.0410751
0.0413458
0.0383224
0.0388726
0.0428778
0.0402272
0.0522043
0.0389772
0.0442425
0.0426517
0.0449344
0.0397174
0.0434895
0.0413266
0.0422029
0.0474244
0.0411272
0.0420403
0.0420668
0.0410576
0.0436305
0.041568
0.0484041
0.0460967
0.0404385
0.0407262
0.0406141
0.0390929
0.0398356
0.044629
0.038024
0.0406411
0.0409827
0.0472942
0.0400969
0.0427014
0.0403134
0.042593
0.0406988
0.0419823
0.0411341
0.0424474
0.0390598
0.043103
0.0466473
0.0415421
0.0411706
0.0396608
0.042384
0.0433292
0.0405265
0.0421433
0.0484241
0.042187
0.0395461
0.0406937
0.0426198
0.0404602
0.043404
0.0412605
0.0391776
0.0380232
0.0471445
0.0366728
0.0372217
0.0415285
0.038996
0.0426734
0.040181
0.0433199
0.0362765
0.038106
0.0409101
0.0375114
0.0436165
0.04306
0.0381533
0.0381199
0.0379211
0.0423165
0.0423656
0.0501129
0.045031
0.0381067
0.0431942
0.0416552
0.0433994
0.0428518
0.0469569
0.0400267
0.0423531
0.043512
0.0457339
0.0409959
0.0412484
0.0439386
0.0489624
0.0441512
0.0475099
0.0429582
0.0465597
0.0472589
0.0441257
0.0433111
0.0399296
0.0433176
0.0486473
0.0401976
0.0462526
0.048287
0.0464173
0.0440136
0.0402917
0.048362
0.040699
0.0409805
0.0431853
0.0441027
0.0462673
0.0389305
0.0423616
0.045997
0.0515923
0.0442202
0.0517522
0.0454651
0.0404449
0.0430602
0.0491792
0.0440006
0.04702
0.0408263
0.0433595
0.0442423
0.043489
0.0424138
0.0404358
0.0442764
0.0462772
0.0448762
0.0430195
0.0475475
0.0483315
0.0421882
0.0446995
0.0454264
0.0474535
0.0402665
0.0451721
0.0415953
0.0504214
0.0465501
0.0486302
0.0447249
0.0439007
0.0418282
0.0495659
0.0473999
0.0460052
0.0482143
0.047772
0.0431433
0.0458536
0.0503331
0.0422684
0.0407969
0.0437423
0.0454014
0.0441193
0.0546646
0.0477664
0.0465603
0.0460506
0.0447181
0.0442159
0.0467849
0.0419935
0.0444218
0.0452049
0.042832
0.0445371
0.0459164
0.0425349
0.0440956
0.0448094
0.04734
0.0417845
0.0441191
0.0456614
0.0481845
0.0417625
0.0425802
0.0451547
0.0428115
0.0425994
0.0420848
0.0473235
0.0447193
0.0526365
0.0467286
0.0500354
0.0456841
0.0489645
0.0406839
0.046067
0.0463917
0.0414278
0.0559547
0.0649367
0.0523125
0.0422786
0.0426953
0.0460367
0.0486783
0.0425606
0.0434709
0.0438352
0.0475651
0.0422261
0.0449265
0.0457216
0.0408206
0.0421027
0.044064
0.0431548
0.042728
0.039294
0.0412179
0.0422248
0.0442054
0.0507631
0.0451098
0.0415985
0.0448547
0.0439814
0.0479503
0.043403
0.0419809
0.041907
0.0438651
0.0433912
0.0423873
0.042091
0.0411865
0.041825
0.0426887
0.0433336
0.0467044
0.0415774
0.0445172
0.0403667
0.044246
0.0463284
0.0452759
0.0394199
0.0402264
0.0413074
0.0436781
0.044337
0.0473644
0.0494023
0.0422539
0.0511873
0.0399716
0.0445544
0.0452421
0.0528045
0.0457728
0.0464536
0.0453349
0.0445738
0.0452716
0.0557727
0.0508976
0.0490988
0.0476548
0.0497648
0.0632237
0.0528429
0.0434313
0.0461366
0.0435352
0.0473876
0.0431371
0.0465709
0.0432802
0.039737
0.043523
0.0446142
0.0455764
0.0519165
0.050226
0.0425068
0.0415501
0.0431338
0.0393021
0.0413201
0.0421865
0.041607
0.0415119
0.046707
0.0422149
0.0434329
0.0439263
0.0443541
0.0424831
0.0466142
0.0444403
0.0467333
0.0429147
0.0444966
0.0425508
0.0452408
0.0419764
0.0401886
0.0381935
0.0438558
0.0414778
0.0435676
0.0502745
0.048367
0.0464371
0.0450558
0.0457141
0.0433546
0.0526758
0.0436023
0.0429597
0.0430087
0.0455647
0.04241
0.0442245
0.0412575
0.0403379
0.0456361
0.0449152
0.0448847
0.0439878
0.0432888
0.0421715
0.0394439
0.0400574
0.0414262
0.038933
0.0415686
0.0437758
0.0429485
0.041735
0.0415689
0.0423319
0.0423979
0.0399769
0.0397691
0.042545
0.0428169
0.0419032
0.0410797
0.0410376
0.0417597
0.0416946
0.0407658
0.0437676
0.0431223
0.0386676
0.0432555
0.0409067
0.039581
0.0424413
0.0468458
0.0489895
0.0415086
0.0434422
0.043905
0.0408737
0.0413198
0.0416257
0.0424512
0.0382465
0.0416343
0.0420663
0.0407136
0.0408132
0.0400374
0.0381704
0.0406145
0.038944
0.0415059
0.039606
0.0399888
0.0444676
0.0430979
0.0442933
0.0392179
0.0417302
0.0384722
0.0431798
0.0436599
0.0436603
0.0398945
0.0397971
0.0413006
0.0407257
0.0446758
0.0415106
0.042479
0.0407372
0.040722
0.0426263
0.0398903
0.0411714
0.042051
0.0435293
0.0436435
0.0390589
0.0399388
0.0402252
0.0441574
0.044162
0.0433619
0.0414491
0.0431457
0.0433206
0.0458818
0.0488387
0.044042
0.0432334
0.04338
0.0452619
0.0435832
0.0460864
0.04417
0.0432962
0.0457173
0.0429423
0.0428687
0.0385796
0.0438827
0.0429116
0.0419041
0.0417035
0.0417098
0.045314
0.0406858
0.0403029
0.043539
0.037734
0.0399215
0.0443481
0.0438226
0.0378717
0.0397879
0.0409876
0.04199
0.0405176
0.0436082
0.0410167
0.0435541
0.0429989
0.0377355
0.0428908
0.0387665
0.037392
0.0408347
0.0432532
0.0435963
0.0444924
0.0404918
0.0445029
0.0458151
0.0453125
0.0428605
0.0396671
0.0409247
0.0385806
0.0415294
0.0412378
0.0355649
0.0437396
0.043364
0.0516486
0.0475214
0.0441413
0.0455798
0.0461209
0.0476636
0.045208
0.0443459
0.0472201
0.0459092
0.0445479
0.0442938
0.0482396
0.0468491
0.044181
0.0417503
0.0418577
0.0435183
0.0445441
0.0446407
0.0467856
0.04857
0.0441054
0.0485183
0.0447245
0.0444947
0.0463459
0.0483127
0.0507046
0.0473587
0.046365
0.0498459
0.0516052
0.0605013
0.0529662
0.0534802
0.0489894
0.0486651
0.0467624
0.048601
0.0490182
0.0509674
0.0501152
1.34e-07
